1859284
1859632
1859980
1860046
1860049
1860781
1860883
1861096
1861258
1861282
1861399
1861411
1861573
1862041
1862050
1862065
1862086
1862119
1862146
1862266
1862311
1862554
1862566
1862686
1862698
1862728
1862998
1863145
1863223
1863574
1863577
1863769
1863964
1864258
1864264
1864276
1864450
1864582
1864594
1864597
1864801
1864822
1865041
1865080
1865089
1865116
1865230
1865236
1865872
1865884
1865887
1865890
1865947
1865950
1865953
1871602
1883740
1889047
1890277
1891855
1891909
1891930
1897483
1900228
1900540
1900957
1914997
1931407
1943458
1953316
1954666
1962364
1963210
1969279
2007937
2017483
2024674
2026969
2028085
2034124
2034439
2036953
2046061
2047408
2049670
2052682
2055463
2067982
2072443
2074735
2098891
2099200
2103232
2118661
2118709
2118763
2132053
2135332
2189869
2191807
2201872
2202448
2215822
2243599
2294848
2379265
2397691
2401615
2406151
2430175
2430982
2442619
2454727
2471101
2477953
2487919
2489752
2492896
2497792
2503993
2510806
2515672
2525314
2533747
2550991
2562874
2563321
2566855
2572123
2575657
2580211
2600923
2616835
2642347
2648551
2660584
2665228
2696410
2702500
2726125
2737180
2781250
2801842
2805781
2812114
2847331
2875534
2905525
2906878
2943610
2945917
2953219
2955946
2985904
3002854
3010942
3037465
3099376
3099385
3099445
3115084
3188770
3193054
3194140
3216226
3220381
3224227
3270334
3307744
3330742
3335131
3340225
3360868
3362827
3373063
3380287
3447019
3450250
3452119
3469177
3473536
3481657
3486541
3488656
3493654
3499261
3504772
3519589
3539194
3560026
3561832
3568453
3580240
3642736
3645145
3651601
3656833
3656860
3663679
3673291
3681097
3884419
3884434
3894586
3897607
3899059
3920602
3992830
4015006
4041379
4062589
4064977
4069303
4074148
4087957
4103328
4103553
4108303
4113192
4120617
4128971
4169616
4172884
4185252
4194414
4198110
4209863
4221868
4222366
4224981
4230572
4230903
4278741
4279044
4285243
4291054
4298929
4500489
4510618
4514256
4518140
4519935
4523369
4524372
4527111
4530331
4536519
4540316
4541288
4544443
4544447
4548546
4549691
4557523
4564085
4600410
4651567
4651787
4651806
4651864
4659663
4670295
4674060
4689553
4692138
4696696
4712370
4720393
4722908
4728270
4729668
4971127
5101531
5115799
5157090
5163130
5163854
5165186
5190057
5207403
5212944
5222881
5228264
5228940
5235421
5256850
5272148
5272926
5277372
5278587
5291133
5308242
5320784
5331926
5345302
5348636
5354221
5360876
5362495
5363770
5365375
5373496
5375318
5381674
5401098
5404454
5418284
5423343
5430566
5433526
5445322
5446711
5464615
5468837
5483151
5496733
5506132
5506826
5532791
5540292
5564694
5573657
5582329
5590234
5594151
5595856
5596636
5609763
5621965
5652875
5668440
5692003
5709164
5714270
5720852
5730535
5735872
5860062
5880732
5926770
5993001
5995422
6003407
6029225
6041812
6046397
6050723
6050724
6050725
6050733
6050737
6050739
6050769
6050772
6053063
6059314
6068377
6082807
6082897
6089076
6097618
6110226
6118867
6130830
6133053
6136765
6137098
6161439
6195440
6221583
6229498
6237445
6240170
6247235
6286418
6332834
6335371
6338289
6360850
6378725
6439947
6463838
6504824
6583643
6585384
6850957
6852324
7997471
8002334
8002429
8010173
8041251
8072084
8284930
8643655
8647083
8674883
8716488
8820078
8821236
8824448
8843395
8849417
8853023
8867638
8902666
8916549
8931329
8937444
8937697
8962159
8991196
8994767
9032837
9033525
9067154
9177188
9293692
9325774
9510370
9691533
10279214
10333115
11564767
11566632
11570511
13666220
13709888
13745887
13746552
13764316
13790379
13791219
13804291
13824637
13829255
13831068
13846729
13873067
13908634
13922534
13933618
14193113
14709796
14727659
14730289
14734416
14739559
14942471
14942530
14942585
14942916
14944872
14945281
14946228
19581610
19685259
19815846
20704513
20724002
20945512
20947980
21026195
21097754
21097864
21102682
21103887
21130694
21224942
21315273
21333562
21398139
21426966
21602905
21627579
21627623
21654425
21725638
21796791
21804965
21810980
21825918
21828319
21865408
21908769
21930985
21932549
21942793
22376467
22463476
22464609
22465027
22511504
22522083
23587396
23606195
23625320
23658551
23660366
23670919
23673587
23747466
23747742
23876626
23920123
23924813
23980059
23983030
23990306
24000705
24033015
24033374
24036018
24063483
24072443
24076143
24272361
24275769
24302376
24304511
24310017
24354287
24358936
24426034
24571768
24596243
24605855
24626971
24631388
24644164
24727507
24740018
24748815
24759822
24778694
24804652
24819779
24875173
24917479
24920044
24923065
24934744
24943303
24949608
24951640
24976717
24982361
24988451
24993352
24997910
26230949
26233861
26945570
26945792
26987470
26989075
27035029
27129812
27132794
27137260
27141305
27174227
27211050
27231942
27238493
27241459
27241460
27241462
27241463
27241465
27241468
27241473
27241475
27241478
27247394
27249404
27252422
27272331
27284199
27286413
27315966
27336450
27454729
27469170
27480961
27525876
27526814
27546279
28425893
28611945
28635958
28637108
32307267
32314424
32329992
32337122
32344160
32344247
32372192
32420231
32450485
32476057
32478831
32491963
32499039
32503408
32530625
32571316
32586224
32587447
32594531
32630768
32641089
32647361
32649439
32684214
32707704
32714219
57295955
57306398
57310449
57377620
57412646
57500676
57559252
57565304
57575242
57585154
57674216
57723658
57760148
57772244
57887324
57900587
57947278
57966930
57990646
57993828
58142712
58164261
58175460
58208467
58221718
58232714
58301827
58353607
58366210
58422291
58440503
58441197
58458898
58538839
58626064
58737593
58886312
59039024
59042780
59074225
59099782
