274
42039559,skppokey,20,40,3,3,3,-1,3,16-04-28,美隆广场开始时候不是做美食的。<br />早期的美隆和很多普通的微型社区服务型商业一样什么都做，然后死掉，空出来没店家。<br />后来又和大多数商业地产一样转型做餐饮。这也是被电商给教育的。所幸他们招到了星巴克，招到了绿地的精品超市。俨然一个小型MALL。<br />可是我非常希望这附近有个大型商业综合体！不需要每次走N远到大华虎城 ！！！<br />希望美隆可以不断顺应市场的发展淘汰更换更好的店家入驻。谢谢。
22284571,ruby刘芳,20,30,2,2,2,-1,0,16-02-26,家里附近的生活广场，有我要去的一兆韦德，还有直销中心和平时随便可以吃吃的饭店，总体可以
2478217,小花镖局,20,40,3,3,3,-1,0,16-01-20,现在变超市了，偶尔的打折还是非常实惠的
106995127,倣佯的小怪兽,5,30,2,2,2,-1,0,16-01-14,现在没了→_→改进口超市了…<br />当初有的时候也不咋地…逛了一圈什么都不想买不想吃…
22894,realele,20,40,3,2,3,-1,0,16-01-02,留下绿地全球食品超市值得逛逛 虽然不是绝对便宜
39365136,qinwa2007,1,40,2,3,3,-1,0,16-01-02,还好，小吃广场形式。小朋友比较喜欢
27538903,kelly汇汇,10,30,0,2,2,-1,0,15-12-27,东西太少没人气，估计以后不会在消费了。
851830864,Sina_9071517893,1,30,2,2,2,-1,0,15-12-14,东西太少了感觉好没落啊 什么都没有
23666082,兔八哥dd,10,50,3,3,3,-1,0,15-12-03,还不错。有优惠券还是不错的。这里的人气还不是很足。
90765,dimple321,60,30,2,2,2,-1,3,15-11-25,朋友家楼下，楼上是酒店式公寓。<br /><br />这个广场里还蛮方便的，有餐厅、培训班、美甲美容等。<br /><br />还有超市，里面蛮多进口食品，价格还便宜。
1932534,爱吃牛肉的长颈鹿,60,30,2,2,2,-1,1,15-11-21,话说 今年来了好几次大华了~~<br />这里是离大华虎城不远处的一个生活广场 对于大华人民而言 也是一个不错的悠闲娱乐的地方~~<br />集好几家餐饮 超市 美甲等等~~附近还有电影院 广场人气还挺足哈~~
58465340,momoko_qian,40,30,2,3,2,-1,0,15-10-19,开了也2年多了吧，里面也做过一次调整。<br />个人比较喜欢的很久以前，尊宝披萨和小笼包都还保留。
29338860,小小小小玩兹,10,50,4,4,4,-1,0,15-09-30,味道很好！团购很给力！！！！！！
29342761,Peter198211,5,10,1,2,2,-1,0,15-09-26,吃的东西不正宗。没有台湾的地道。
2754294,wendy3336669,20,50,4,4,4,-1,0,15-09-09,东西便宜，团了券等于对折，超市最合算
2932229,angellhf,20,30,2,2,2,-1,0,15-08-05,实在，优惠，方便好用，可惜展销活动太短
51162721,桃子_4468,1,30,1,1,1,-1,0,15-07-27,价格太高，口味一般。实在没什么好吃的
791611,yangyang8026,20,50,4,4,4,-1,0,15-07-20,很好用，相当于打了五折，东西挺好吃
29273726,wzq8743,10,40,2,2,2,-1,0,15-07-16,味道一般，对不起夜市这个名头啊，有点小失望
3745052,Franklan,20,10,0,0,0,-1,0,15-05-18,美隆广场一楼的海佰味餐厅十分可怕。一会开一会关。充值卡没有用完当时说可以退其实是欺骗顾客的。等你去找她立刻好像办丧事的脸一样。一拖再拖，各种借口各种敷衍，总之一句话就是不想给你退。总结：***一家！！！
4296855,糯米宝包,40,20,2,2,0,-1,0,15-05-18,晚上说收银员下班不能用券！奇葩！最后找他们领导说理，协商给我们使用了，其他人还是不能用。
5441451,刘萌华7010081875310,20,50,4,4,4,-1,0,15-05-16,这个划算的，里面的东东不错，营业员态度也不错奥
5398582,幸福泛泛,20,50,4,4,4,-1,0,15-05-05,性价比超高的哦！吃干锅！现在关门了
34068176,godlike9999,30,30,2,2,2,-1,0,15-05-02,其实感觉并没有比一般店里好，勉强算可以
50383460,咩咩鼠飏,20,50,4,4,4,-1,0,15-05-01,新鲜岛超市买东西，绝对划算，非常值得
26544125,不的不爱001,10,50,4,4,4,-1,0,15-04-29,尝尝台湾地区的小吃，总得来说还是满意吧！
9378529,70197019,10,50,4,4,4,-1,0,15-04-25,台湾小吃喜爱吃，这次打折的力度又大，团购了好多张
116566,甜甜的daisy,60,10,2,2,2,-1,0,15-04-22,台湾人开的，里面吃的也大都是台湾风格的东西<br />人气不足
20846538,虹虹的小麻理,20,30,2,3,3,-1,0,15-04-04,东西不多，用代金券买果汁很划算，现在已经关了
5514859,坏坏宝猪猪,30,40,3,3,3,-1,0,15-03-24,其实很一般，团购价的话还可以，如果是原价，我肯定是不会考虑的
38593556,我是小开妈妈,1,40,4,4,4,-1,0,15-03-22,是给朋友下的单，朋友表示不错！！！
14807132,xxj_summer,10,40,3,3,3,-1,0,15-03-19,很优惠的一次团购，几乎是在超市消费的，用了团购圈还是挺划算的，其他小吃的味道一般
654072,lockmen,20,50,4,4,4,-1,0,15-03-08,不错的夜市，优惠券买了些东西哼实惠。
150257260,dpuser_02282669944,1,30,4,2,3,-1,0,15-02-20,感觉跟外面的店差不多吧……………………………
4356297,applesilc,20,50,4,4,4,-1,0,15-02-19,团购促销，划算的一次团购活动～
93127634,Weixin_6392326702,1,50,4,4,4,-1,0,15-02-18,非常好的体验，超值！！！！！！！！！
3089158,shoushoujiejie,20,50,4,4,4,-1,0,15-02-15,山寨的 一点不好吃 要不是有团购 真的冤死了
249470,monica628,20,10,0,0,0,-1,0,15-02-14,去过一次就再也不想去的地方，快关门了吧…
8981801,benbaobei,10,50,4,4,4,-1,0,15-02-14,非常划算哦，东西也好吃，下次搞活动再来！
42585409,dpuser_15201979529,5,40,3,3,0,-1,0,15-02-10,各种小吃，味道因人而异，麻辣香锅我比较喜欢
31601144,Cy鄢,20,50,4,4,4,-1,0,15-02-06,超级划算，买了好多好多东西回家。
34282566,宇宙无敌吃货一枚,10,20,1,1,1,-1,0,15-02-04,打着台湾夜市的旗号，其实差远了，又贵又不好吃
1352880,小丫头0201,20,30,2,2,2,-1,0,15-01-23,一般般，超市东西都调整过价格再半价，台湾食品冒牌居多。
1352880,窗台花香,20,40,3,3,2,-1,0,15-01-18,可以，可惜活动时间太短，现在已经结束了。。。
29570,驴托维拉,20,50,4,4,4,-1,0,15-01-17,第一次来吃，非常棒的口味，支持
28531767,handuyu,10,40,3,3,3,-1,0,15-01-10,希望下次再多多搞活动 太晚夜市还是不错的
29527868,兹罗提,20,50,4,4,4,-1,0,15-01-06,在儿子读书的地方，方便，就是吃的东西不多
6404567,weiweimama1219,10,40,4,4,4,-1,0,15-01-05,蛮好，合算希望活动能持续的搞下去
42890912,aying2010,20,30,2,1,3,-1,0,15-01-01,总体还行吧，就是卖大肠包小肠的是个上海人，根本不是台湾的
6494313,冰凝晨曦,5,50,4,4,4,-1,0,15-01-01,吃的东西挺多的味道不错价格便宜
3320974,建平1225,20,50,4,4,4,-1,0,14-12-30,环境还可以。有些店还没开出来！！！！
33308329,小如宝贝2008,20,20,2,2,2,-1,0,14-12-30,人气不足，商品保质期比较短，要看清楚。
24824628,小布面面,20,20,1,2,2,-1,0,14-12-30,买了团购去超市买东西，要看清商品，否则很容易买到李逵
384242,feilibing,20,40,3,3,3,-1,0,14-12-27,团购去的，还挺划算，没团购的就很贵了，现在也没什么吃的了
5226621,jiji06666,20,10,0,0,0,-1,0,14-12-26,一点都不好吃的地方，不好吃不好
4068264,ilynlvjohnny,20,50,4,4,4,-1,0,14-12-26,搞的台湾美食节~~~人气一般，东西也一般吧，不过还是好评
922117,wendyandpan,20,50,4,4,4,-1,0,14-12-25,超好，可惜打折，再去的时候好多店都关门了，人气还是不足呀，区位很重要，周边消费能力太差了，办公也很少
4569831,ho2011,20,20,0,1,1,-1,0,14-12-23,不是一般的难吃，是非常难吃，卖相也差，千万不要相信摆在外面的所谓的成品，就是个大忽悠！！！
7744833,zhulei66,30,50,4,4,3,-1,0,14-12-19,非常实会希望多一些活动，，，，，，
5336309,viola1002,20,40,4,4,4,-1,0,14-12-18,团的券还是很实惠的，味道也就这样，没什么特别突出的，随便吃吃可以。
1642336,yewenwen,20,50,4,4,4,-1,0,14-12-17,相当于半价划算，买了尿不湿～～
70452,labafa,20,40,3,3,3,-1,0,14-12-15,家门口的店以前没啥人的，搞了这个活动希望人气旺一点
557962,妍竹,20,40,3,2,3,-1,0,14-12-14,家附近，东西一般，超市用券打对折还是挺划算的
934544,tracy1986,10,50,4,4,4,-1,0,14-12-12,很喜欢台湾的美食，希望开的更久一些
30636738,LUOHUACHENG,20,10,0,0,0,-1,0,14-12-09,之前买100送50还行，后来居然涨价了，东西是不好吃，价格也不便宜
30636738,依_稀,20,50,4,4,4,-1,0,14-12-08,划算的，对折买。特别是超市，态度很好，还有那个韩国炸鸡也蛮不错。
19097450,lzhou76,5,50,4,4,4,-1,0,14-12-06,买了牛排，半价很核算啊，还有小吃，喜欢！
14654967,xijia2555,40,30,3,2,2,-1,0,14-12-06,不好意思哦虽然团了但是没去过哦
53828121,霏她妈,20,30,3,3,3,-1,0,14-12-06,味道真心是一般～～韩国炸鸡味道最棒！
8633044,cdkzk,20,50,3,3,3,-1,0,14-12-06,环境不错，美食的品种口味一般，目前人气不足
5573738,weixin_07108234930133627,1,10,0,0,0,-1,0,14-12-04,乱七八糟 一股油耗气的味道 也不知道到底是不是台湾的
56177174,GavinLeopard,20,30,2,2,1,-1,0,14-12-04,改造过一次，靠谱一些了。总体东西还是不便宜的。
203922,shlt,30,50,4,4,4,-1,0,14-12-01,东西确实很多，当场买只能打8折。。
5881000,grenna,20,50,4,4,4,-1,0,14-11-30,这个券很实惠，还能抵扣里面超市的价格
2682553,anelucy,40,40,3,3,3,-1,0,14-11-30,帮别人团的 传说很格算 嘿嘿 下次自己去看看
2113032,LV520JUE,10,50,2,3,4,-1,0,14-11-28,味道一般…品种又挺少的…前段时间45块抢的100的券…去超市买东西还是比较值的…
15726680,konakona漠,30,30,3,3,3,-1,0,14-11-26,帮别人团的.......................她说一般般...................
2246620,奔跑的肘子,50,30,3,2,2,-1,0,14-11-25,优惠券很划算的，大肠包小肠很不错，其他的就大家自己看着办吧。
2246620,dpuser_39992342505,1,30,2,3,3,-1,0,14-11-25,去了几次，没有吃到那个霸王蟹，要么是早上没有要下午4点，晚8点去了又没有了（还算是夜市吗？）。11.11日那天干脆东西都没有进到。。。。
78635714,qypqyp_9849,1,30,2,3,3,-1,0,14-11-25,现在去吃东西真的是太一般般啦。
7342446,木_木jj,5,50,4,4,4,-1,0,14-11-25,帮老板买的，买了两次，应该还不错的哦
31839604,闪晓庆,5,50,4,4,4,-1,0,14-11-24,味道非常的不错。赞一个。以后还会来的。
50837058,爱国小青年想要好好学习,30,50,4,4,4,-1,0,14-11-23,很划算很好！台湾夜市的大肠包小肠是我吃过最好吃的！！！前前后后买了四五个！！！还有旁边的超市。里面的东西也非常换算！
663997,july_3,30,50,4,4,4,-1,0,14-11-23,很难吃的夜市。。。想超市买点东西算了 没想到超市也偏贵 有的还挺便宜的
287648,兔子清清,20,50,4,4,4,-1,0,14-11-22,很好，不错，觉得物有所值！下次还会再来。
22402688,mikiwoooo,5,20,1,1,1,-1,0,14-11-22,很一般的嘛，东西真的不好吃啊！
3071064,cisa_grace,40,40,3,3,3,-1,0,14-11-22,在点评网买团购券很实惠，品种也比较多。
3071064,赵小姐有约,45,40,3,3,3,-1,0,14-11-21,东西没吃，看上去就不好吃的样子，我是在超市买东西了，台湾韩国进口的零食饮料饼干买了一大堆，超市门口现做的凤梨酥很好吃喔
6165828,Ramiel_6738,20,50,4,4,4,-1,0,14-11-20,还好吧，味道一般人气不够旺吃的也不够多
81671243,TaburissH,40,40,3,3,3,-1,0,14-11-19,核算得'用不掉可以去超市买东西
81671243,一鸣小马,5,40,3,3,3,-1,0,14-11-19,是团购性价比还是很高的  就是口味一般
38457020,JENNY紫陌,20,50,4,4,4,-1,0,14-11-18,一开始便宜，后来没团购了就觉得不划算了
15158567,coco丰,20,40,3,4,4,-1,0,14-11-18,一般般吧，东西不多，凤梨酥很好吃，真的是为了团购券去买东西的，超市里的东西平时没需求哈
5441798,哓唛,20,50,3,3,3,-1,0,14-11-18,品种不多，三杯鸡做的铁硬！价格偏高！
23131412,念妞,10,10,0,2,1,-1,0,14-11-17,除了超市比较划算，其他不敢恭维
6245633,汤圆老豆,20,50,4,4,4,-1,0,14-11-17,很好的一次团购，想再团几张涨价了。
3565843,dpuser_33539902643,10,50,4,4,4,-1,0,14-11-17,挺多样的，就是价格贵了点，要是50的代金卷还有就好了
21577200,dengdengz,10,30,2,2,2,-1,0,14-11-17,还可以吧，最实惠的是可以在里边的超市用赞
112756004,成元方,5,40,3,3,3,-1,0,14-11-16,环境舒适，点心丰富，香锅不错，价格适中
19933553,MonicaKiss,40,30,2,2,2,-1,0,14-11-16,本来冲着5折团购去的，没想到5折活动结束了，只有8折的了...
54174028,tweetyBB,1,40,2,3,3,-1,0,14-11-16,团购不错，就是吃的味道不好……
31567166,最爱赤豆汤,20,30,2,2,2,-1,0,14-11-16,蛮坑饿。。就臭豆腐好吃的。。特别别吃肉串
4719417,黑龍BRUCE,20,20,1,2,2,-1,0,14-11-16,只有三家台灣店口味一般，停車場小不方便很貴
41080545,蔚蓝天空陆,40,40,3,3,3,-1,0,14-11-16,商家其实不算多，台湾特色也就那样，团购还算实惠，不过最后两天，店里也是打8折
4322554,miyukichen,10,40,3,3,3,-1,0,14-11-16,还不错，东西少了点，小暖锅味道还不错
27017398,zcjjn,10,40,3,3,3,-1,0,14-11-16,这是因为有你们真幸福、一切成空箱包有些人是不想让他自己去找业
27017398,二師兄他大爹,50,50,4,0,4,-1,0,14-11-15,夜市還不錯，東西口味都很好。裡面食堂的菜肴口味真心一般。夜市那個裝修還真夠簡陋，主辦方是不是不想花錢？賣場本來就沒人氣，還不努力做活動.....再好吃的夜市美食都得變難吃
697110,evamm1982,10,40,2,3,4,-1,0,14-11-15,两次团购的折扣竟然差距那么大 不知道怎么说回事
24433686,leyley713,30,50,2,2,3,-1,0,14-11-15,5折买的劵，合算。台湾小次为主
4958592,xlp1010,20,50,4,4,4,-1,0,14-11-15,真是划算，超市买了一大堆东西，便宜啊
15441554,jjtt1213,40,30,2,2,2,-1,0,14-11-15,一般般吧，东西有点少，有点像大时代
1047400,waley_2141,40,30,2,2,1,-1,0,14-11-14,用的对折券，还是很给力的。但人气明显不足，9元的鲁肉饭还是蛮划算的，老婆点的菜饭据说味道也可以。
60597559,我爱阿华田,20,30,3,2,3,-1,0,14-11-14,一开始有50的团购，现在涨到80了，收银的两个女的很耐心，后面有个男的太粗糙，问鳕鱼肠多少钱的时候看也不看就说3.9一根，一罐50根，就是这个价格，可是罐子上明明标注只有35根………还好自己看的仔细一点，有个小姑娘收银也不仔细，把前面一个大叔拿过来查价格的橄榄也打在我的单子里，还好我核对了一下，所以，友情提示：请睁大眼睛！
24887494,爱吃的竹子,40,40,3,2,2,-1,0,14-11-14,新开的！很多店铺还在装修，去逛的时候差点崴脚！开出来的几家似乎生意也不是太好！
18734874,Hikaru622,20,50,4,4,4,-1,0,14-11-14,券可以在超市使用，性价比非常高
608577,井自深,1,50,3,4,4,-1,0,14-11-13,楼下的广场，方便，选择还算多，各类小吃味道也不错
39762581,baby020419,20,40,4,3,3,-1,0,14-11-13,搞活动期间还是蛮实惠的，值得来一下
4427126,随意人生,30,50,4,4,4,-1,0,14-11-13,价格还是不错的，东西要看仔细，原价格都一样
514675,oO妮erOo,20,50,4,4,4,-1,0,14-11-13,还是蛮实惠的，东西很多，味道也不错，
28673094,蓓1999,10,40,3,3,3,-1,0,14-11-12,各种小吃口味很一般，超市里买东西比较合算。
30404499,钱德勒砰,5,50,4,4,4,-1,0,14-11-12,还好吧 搞这个活动很便宜划算 吃的还好
153035295,dpuser_96258075518,1,40,2,2,2,-1,0,14-11-12,等的时间太长，而且不找零，不团购的话价格偏高
31081094,VeronicaChan122,20,50,4,3,3,-1,0,14-11-12,帮朋友买的 听说还可以 不过之前是五十的 后来提价了
7768628,天下第一流敏敏,5,10,0,0,0,-1,0,14-11-12,吃的东西很垃圾，超市还蛮划算！
20765592,起床困难户默默,40,20,1,2,2,-1,3,14-11-11,45团的100的代金券，第二天兑换的时候团购就涨价了～里面吃的东西很少的、今早尝试了下肥牛锅、服务员说可以做成不辣的、现做的、时间有点久、但是味道好咸、牛肉很老哎、味道一点都不好、有点庆幸自己只团了一张、剩下的券还是逛超市买掉了～
5013969,hactor,10,30,2,3,3,-1,0,14-11-11,味道一般，不是正宗的台湾口味，性价比不高
23893697,hehe8151,10,40,3,3,3,-1,0,14-11-11,以前没什么特色，但现在感觉非常好。夜市能继续搞下去才好。
2244320,四叶草之恋,20,40,3,3,3,-1,0,14-11-10,超市买东西比较合算，其他一般，吃的还好
40861969,Haley01,20,50,4,4,4,-1,0,14-11-10,现在涨价到80了、不过之前也积累了挺多的人气了、平时过去吃吃不错
93686238,荪\*^_^\*,1,50,4,4,4,-1,0,14-11-10,在里面超市买了许多零食、挺哥酸的
8858002,应天璇,40,50,4,4,4,-1,0,14-11-10,很划算买了戒指和面膜，可惜每个号码只能购买两张券
7543477,圆圆胖嘟嘟,20,50,4,4,4,-1,0,14-11-10,东西很实惠，已经去过多次！挺好的！尤其是鲜榨果汁！
32832106,casperapple,5,40,3,3,3,-1,0,14-11-10,东西不错，就是后来券只能用8折，有点牵强
23077568,summer夏日诗婕,20,50,4,4,4,-1,0,14-11-10,吃的是没什么，进口超市买吃的不错！
18849883,zhongquanwei,20,50,4,4,4,-1,0,14-11-10,应该蛮实惠的吧，超市也能用，帮朋友团的。
36168668,fayebaiye,10,50,4,4,4,-1,0,14-11-10,超划算的团购圈，老妈很喜欢，期待下一次。
155816718,zhaoyi010830,1,50,3,3,3,-1,0,14-11-10,团购涨价了，品种也不多，咳！估计活动结束后前景堪忧啊～
2868658,shaw_boa,40,40,3,3,2,-1,0,14-11-10,这个券现场要卖80，点评只要50，所以还是很划算的
302027,ylno,45,50,4,4,4,-1,0,14-11-10,最近有个台湾美食活动，买代金券很合算，可惜很快就涨价了，里面的台湾超市不错，其他就很一般了
7496249,amyying66,50,50,2,3,3,-1,0,14-11-10,超值的团购，五折，第二天就变八折。不但新食代能用，超市也可以，除了吃台湾小吃，还在进口超市买了冰激凌和蛋糕，又吃又带啊，赞！
196355,shpbpv,20,50,3,3,3,-1,0,14-11-10,对折的价格还是很能体现物有所值的
25626441,pinkey青,30,20,1,1,1,-1,0,14-11-10,这里的人气一直不高除了一楼的烤肉店还有点生意，台湾夜市太啃爹了根本就没东西吃没意思
65508351,dpuser_36005429225,1,50,4,4,4,-1,0,14-11-08,还可以，50当100用还是很好！台湾的川伯豆豉真棒，很好吃，又划算
914035,bobowell,20,50,4,4,4,-1,0,14-11-09,环境不错，不过人气还不足，很多店没开张，味道还行
3325088,佳铮铮,20,50,3,4,3,-1,0,14-11-09,团购非常划算，超市的东西都了购买
34453,分享每一刻,40,40,3,4,3,-1,0,14-11-09,开出了很多新商户，底楼超市很多进口商品，用团购券买很合算
3934584,飞觞醉客,50,30,2,3,1,50,0,14-11-09,冲着大众点评团购五折的优惠去的。一楼的摊位似乎不是很多。每一家看似很多东西，但实际上吃起来却不是这样子。这里的摊商，看起来更像是首次创业的感觉。<br />超市卖的东西还可以，不过价格似乎偏贵了些。
2019782,露水妖妖,30,50,3,3,3,40,0,14-11-09,团购了券去的，人一下多了很多，两个人用不完去超市买东西还是很划算的，超市的蛋糕很好吃
33243781,吃饭还是吃味,30,10,0,1,1,-1,0,14-11-09,实在很难吃，每个摊位都试过了，营销活动做的不锖，但无论蒸菜，干锅，面，都太差了，价钱便宜了，原料太差，没办法做好，否则亏钱
5881900,Sinky721,10,50,4,4,4,-1,0,14-11-09,东西不是很多，香锅的性价比很高！
14792409,vccdcc,5,50,4,4,4,-1,0,14-11-09,环境不错  有团购价格便宜 服务好
485570,johnsonzjq,30,50,4,4,4,-1,0,14-11-09,很好吃，味道非常不错，口味也很好
21056316,秋荼心,5,50,3,3,3,-1,0,14-11-09,买了一次五折的券，现在涨价了八折。
2768678,小甜龙,20,40,3,3,3,-1,0,14-11-09,团购火热进行中，的确实惠。其实超市货品单一了点，美食广场选择也不多。环境还不错.
1214914,phantasie,20,40,3,3,3,-1,0,14-11-09,就是冲着超市里的东西去买的 相当于半价 很实惠
3411185,伟伟恐高高,20,20,0,3,1,-1,0,14-11-09,管理很混乱，价格还贵，关键味道也不正宗
153032490,秦亚平_5336,1,30,2,2,2,-1,0,14-11-08,东西口味偏咸，5折还是比较划算的。但是8号开始打8折了。
63925121,dpuser_16189054350,20,10,0,1,1,-1,0,14-11-08,东西一般呀，不好吃，人气也不旺，团购是蛮合算的
10608501,懒猫1968,20,10,0,0,0,-1,0,14-11-08,好恶心啊。。团购券也可以涨价。。刚准备去换一圈就涨价，用得着那么恶心么。。对折价钱还可以接受，8这就算了。。都没什么东西。。
5313971,wuyunyan02,10,50,4,4,4,-1,0,14-11-08,东西有点少，因为新开的关系，味道还可以
4301977,盈盈百川,10,40,3,4,3,-1,0,14-11-08,装修新的，菜品太少，花样不多，可选的不多。
5048186,飘zhe,10,40,3,3,3,-1,0,14-11-08,还不错，性价比很高。品种也很多。
142125421,吃饭先走路后,1,40,3,4,3,-1,0,14-11-08,这样的折扣确实物超所值，消费的人很多。
114862937,Venushsien,5,30,0,3,0,-1,0,14-11-08,吃的東西很少，好吃的不多，服務也一般
15651352,ting217,10,50,4,4,4,-1,0,14-11-08,有团购券还是蛮好的！香锅和麻辣烫还行！
23020819,qianx999,10,40,4,4,4,-1,0,14-11-08,不错～团购了还是满划算的。类似于大食代～味道也就那样吧
1996142,一撮孜然,30,50,3,3,3,-1,0,14-11-08,团购给力！小吃就一般般了，卤肉饭不错哒
810038,gloria_64,20,20,0,1,1,-1,0,14-11-08,大华屌丝俱乐部，食材不新鲜，做法也不正宗，价格倒是非常实惠的，50块钱可以管饱
122772940,许老师1101,20,30,3,3,3,-1,0,14-11-08,双休天十点半去的太早了，啥都吃不到，人气不旺。
19869856,psysjl,20,50,4,4,4,-1,0,14-11-08,很好吃，算下来还是很划算的，服务态度不错
4815063,漂亮天使妈妈,10,40,3,3,3,-1,0,14-11-08,离家近咯！不想烧饭时混一顿的好地方！只是品种还不是很多！
4815063,codywoo,20,40,3,4,3,-1,0,14-11-08,性价比还行，真好住附近，路过看看，买点吃的
25214840,againllm,50,40,3,3,3,-1,0,14-11-08,半价比较实惠，有团购明显生意好了
1536401,MrColgate,5,30,4,4,4,-1,0,14-11-07,里面的进口超市还不错，补货很快。
2478583,zhaizhaopeng,5,50,4,4,4,-1,0,14-11-07,价钱略贵。东西一般，随便吃吃吧
29159852,abby33231,20,40,3,3,3,-1,0,14-11-07,可以的还不错的呢，团购很划算的！
29393353,julia73886119729,10,30,2,3,2,-1,0,14-11-07,环境还行，味道一般般，搞活动去还是可以的！
121661909,shy79319,30,40,2,2,2,-1,0,14-11-07,虽然味道一般，不过这次团购的力度大，很不错！
813329,phoebechen,20,50,4,4,4,-1,0,14-11-07,东西好吃，价格优惠，店家热情，棒棒哒！！
2636397,dpuser_73414370366,1,50,4,4,4,-1,0,14-11-07,不错，已经好几次购买了，非常实惠
2361396,顾小小,40,50,4,4,4,-1,0,14-11-07,还是超市买划算！星巴克咖啡抢没了！！！！！！
51301771,dpuser_76345397620,10,50,4,4,4,-1,0,14-11-07,很实惠很划算，吃的都是半价的啊
107669174,快乐人hjy,20,50,3,4,3,-1,0,14-11-07,就楼下又碰上台湾士林节不错的购物。
3807356,coffeexiao,20,50,4,4,4,-1,0,14-11-07,新开的台市小吃 台湾食品 非常不错
27032605,傾厛戨殸嫙侓,20,50,4,4,4,-1,0,14-11-07,用券买真的很划算，特别是超市里居然也可以用，团购号券就等于全场5折啊。
19766880,360_xm981101,30,40,3,3,3,-1,0,14-11-07,士林夜市食品口味一般，价格偏高，油炸类太多了！
16078596,lypzqx,20,50,4,4,4,-1,0,14-11-06,有特色，味道也不错！有了团购，绝对划算！
240033,说好相爱到最后,30,50,2,3,2,-1,0,14-11-06,环境不错，品种待开发，价格尚可！
142139020,dpuser_6777259779,30,50,4,4,4,-1,0,14-11-06,活动很实惠 东西很多 下次还有这样的优惠就好了
34610697,小苗大人,10,50,4,4,4,-1,0,14-11-06,妈妈要用，价廉物美，可惜每人只能买100
16230095,牛牛饿了呀,30,20,1,1,1,-1,0,14-11-06,太难吃了！！！环境差！点了卤肉饭，那个肉好少啊，且难吃，和永和相比差之千里。三杯不是鸡点了肥牛干锅，勉强能吃吃。余下钱在超市买了三点一刻奶茶。再也不会去了！过了16号，这里怎么生存为之担心啊！
149636169,tkrhk88,1,50,4,4,4,-1,0,14-11-06,不错不错，价格便宜，味道超好。尤其是韩国炸鸡 真的赞，跟在韩国吃的口味一样一样的呀……
49584760,sara891015,1,50,4,4,4,-1,0,14-11-06,用来团购买台湾的进口食品的 对折 真的很好噢
31448997,迷人的小麻雀,5,30,1,2,1,-1,0,14-11-06,虽然是50元当100元用，但是还是觉得100元的代金券花的特别快。东西到是还不错，不过这价格是比较辣手。怪不得不搞活动的时候，一直冷冷清清。现在搞了活动，掏了50块给100块的代金券还是觉得怎么这么不经用啊？坦白说哦，如果不搞这活动，本月16日取消活动了，一切都要用原价来购买的话，肯定又是冷清清了。一串很大的爆鱿鱼价格20块。三个香蕉酥加三个外面涂过东西的虾售价15元、淡是淡的来根本就是倒了很少很少的椰子粉的所谓椰汁10块一杯；羊排牛排的是称重购买的，基本上最小的也在25元左右。鲜榨的果汁，就一个水果的最低起价15元最高25元；两个水果混合的，最低20元起，最高28元。另有一些酸奶的东东吧，反正我也没看，就晓得比果汁贵。还有还有，以台湾士林夜市为名的商家，也带着各种台湾食品前来展销。虽然有优惠券，可是这价格真是实在受不了。随便一包饼干就是好几十，还说是台湾特产，不提了。最重要一点哦，大家一定要记牢，去他们家吃东西，除非吃完了你才能走，不然你就是留着一桌子没吃过的东西，去上个厕所离开个两三分钟，就别指望吃了，老早被收拾干净了。他们家的清洁工们勤快的很啊！
2464834,panyankiko,20,30,3,3,3,-1,0,14-11-06,用了团购还好，不用的话价格偏贵，人不多，随便吃吃
113148138,dpuser_25260889873,10,50,4,4,4,-1,0,14-11-06,东西还可以，用了卷价格还很实惠，挺好的
2399752,Marchlulu,30,30,3,3,3,-1,0,14-11-06,台湾小吃和原来的美食广场的店都可以用，不过没有折扣券估计不会去买夜市小吃，比台湾的差远了，性价比真心低
153119673,qzuser_47449136510997106,1,40,1,2,2,-1,0,14-11-06,还可以吧环境也没多少要求，服务在加上点就完美了
1966193,bestbluerose,30,50,2,3,4,-1,0,14-11-06,夜市里的吃的不怎么样 但是在超市里买东西还是很划算的
3612822,大胃王与王囡囡,50,40,2,2,2,-1,0,14-11-06,对于团购价对折来说还是很划算的，该地区人气不足，一楼有点类似于大食代的，东西不是很多，好在超市也可以用券，总体还不错，停车不便。
6362913,andymeng888,10,50,4,4,4,-1,0,14-11-06,很好很合算，离家近，随便吃吃不错的
6362913,黄兔兔candice,20,30,2,3,3,-1,0,14-11-06,看上去东西很多，实际上没啥吃的
36702686,baobaidaren,5,40,3,2,2,-1,0,14-11-06,很不错的团购，钱化得很开心，性价比很好，很值得团购，
29227913,lajiponiuniu,10,30,1,2,1,-1,0,14-11-06,不正宗，摊位也不多，是吃过最难吃的士林夜市了
23796471,davidhon,20,40,3,3,4,-1,0,14-11-06,服务味道都还行 就是种类少了点 可能刚开的原因
802255,Alice兔籽宝宝,40,30,2,2,2,-1,0,14-11-05,不是很好。人少东西贵不好吃。不过团购去买非士林夜市的东西很划算，尤其是哪个超市的东西星巴克18元用团购券感觉就是9元一瓶。
28152102,The_King_Of_Birds,30,20,0,1,2,-1,0,14-11-05,就价格来说，有半价券算便宜。但是味道实在不敢恭维，都做的太敷衍的
39148671,可可不是猪,50,50,3,2,3,-1,0,14-11-05,不错不错的 人比锦江乐园少 味道也很好 很划算的团购圈
24840704,nobala,20,50,3,4,3,-1,0,14-11-05,团购的券，相当于打对折，挺划算的，东西选择很多。
1039250,heping1978,5,50,4,4,4,-1,0,14-11-05,超市品种很多，非常划算，不要错过哦。
21995002,ttk808,30,40,3,4,4,-1,0,14-11-05,吃的东西真的一般。<br />代金券在超市买还是很划算的。
12715232,CLLSAITO,10,50,4,4,4,50,4,14-11-05,重新开张的美食广场，这次好很多，优惠力度大，团购给力！
714424,houbaobao01,40,50,4,4,4,-1,0,14-11-05,团的券在超市买东西还是蛮合算的！
22614285,周周周831603,5,50,4,3,3,-1,0,14-11-05,性价比非常高，吃吨飯只需十多元。可惜到期日太短了。
24920375,蝎子_AnGeL,20,50,4,4,4,-1,0,14-11-05,价格翻倍，东西缩水，方便可以去随便吃吃！！！！！！！！！！！！
805969,360_YUCY0529,20,30,3,3,3,-1,0,14-11-05,吃的没什么好吃，超市可以买点东西，但价格偏贵，团购还可以
17824736,懿爱妮,10,50,4,4,3,-1,0,14-11-05,东西味道不错，就是品种少了点！总体不错
36521578,肉松too,20,40,3,3,3,-1,0,14-11-05,券还是蛮核算的，原价是不会去买的
51159323,断翼天使love,1,50,4,4,4,-1,0,14-11-05,很划算，可惜今天去晚了，明天继续去，有好多东西没吃到。
46998876,空中的烟火,20,50,4,4,4,-1,0,14-11-04,团购的在超市买了200的东东对折。。不错不错
3201991,可可酱,60,40,3,3,3,-1,0,14-11-04,搞活动五折…随便吃吃还可以…但是选择真的不算太多！
3201991,haobeier,5,50,4,4,4,-1,0,14-11-04,团购挺划算的，也热闹了晚上，人挺多
22848221,臭阿信_Lucy,20,50,4,4,4,-1,0,14-11-04,很好。团的卷还能在超市用。韩国炸鸡也蛮好，还送了一对翅，和一份色拉。味道酸酸甜甜
33605546,扁地球,5,50,4,4,4,-1,0,14-11-04,买的对折优惠券，很划算，超市用
21171974,晴晴宝贝,40,20,1,3,2,-1,0,14-11-04,自从一楼装修弄了个类似于大食代的地方加上搞了个士林夜市，人一下子多了起来，买了团购券，等于全场对折，吃的东西品种还是有点少，原价有点虚高，不过偶尔换换口味还是不错的
1749959,伮纶,20,30,2,2,3,-1,0,14-11-04,还不错，促销活动力度挺大的，买了日用品、吃的
4361386,My_JLD,5,50,4,4,4,-1,0,14-11-04,很好 很多东西很优惠 希望多搞搞活动
29310126,凌风舞动99778,50,40,4,4,4,-1,4,14-11-04,很高兴大华地区又多了个可以吃东西的地方，团购券去的很划算！刚开张没多久，人气不算太旺，吃的东西很多，点了份三杯鸡套餐，大蒜好多！老妈点的是面味道还可以，还有很多小吃中午没有打算晚上改天去看看
6801264,easonanna,20,50,4,4,4,-1,0,14-11-04,超市里买了牛轧糖，凤梨酥，很好吃
315691,Johnny_7932,1,50,4,4,4,-1,0,14-11-04,合算，特别是超市买的台湾果汁饮料，3.5元/瓶
78019475,Itisminnie,10,50,3,3,3,-1,0,14-11-03,团购合算，去得太晚，台湾小吃没吃到<br />，下次再去
22980376,天下有雪神州无敌,20,40,3,3,3,-1,0,14-11-03,附近上课解决午餐，团购很给力，实惠，量蛮大的，点了一份套餐加了一份汤，最后浪费了三分之一，味道就午餐来说已经算好的了。
4025681,甜甜19740131,5,50,4,4,4,-1,0,14-11-03,服务态度很好，环境不错，东西还可以。
27268999,唔是押曾嘻,30,30,2,3,3,-1,0,14-11-03,10月份新开张，新店服务总不会差，关键是能持久。<br />模仿大时代的模式，但品种较少。<br />入座率比起10月没有团购活动好了很多…希望活动结束依旧能够人流攒动。
1370388,elainehu313,20,40,3,3,3,-1,0,14-11-03,新开张，人气还不是很热闹，团购券非常给力
15040362,AMY淘气鬼,20,30,2,3,3,-1,0,14-11-03,味道一般，不过有对折券性价比很高，里面超市也能用，挺划算的
21682430,dpuser_93904639043,5,30,2,2,2,-1,0,14-11-03,划算    等于全场打对折     很好很好
119949290,吃货胖胖小香猪,10,50,4,4,4,-1,0,14-11-03,很合算，买了代金券等于打了个对折
44916284,narthy,20,40,3,3,3,-1,0,14-11-03,价格高，种类少，买点啤酒什么的还不错！
39029068,榴莲妹718,20,50,4,4,4,-1,0,14-11-03,团购的卷很便宜，等于对折，喜欢大鱿鱼
2348369,sl_sunny,30,40,2,3,3,-1,0,14-11-03,有点像大食代，卡和券都要买才能用， 人蛮多的
60258784,dpuser_57746436061,1,50,4,4,4,-1,0,14-11-03,环境比较好 ，食品很美味。有了券 价格更是优惠
27877059,浮安浅眠,30,40,3,4,2,-1,0,14-11-03,因为搞活动所以夜市人气很高，团购了挺多的。用起来也就不心疼。。。夜市里面就是油炸的我太多了不健康别的都挺好的。环境也不错。服务员比较忙有时候 顾不过来，都是上海本地人借着台湾夜市搞促销，整个一楼都可以用蛮划算的。
55140820,Tina-田,1,50,3,4,4,-1,0,14-11-03,服务很好，口味一般，但是可以用来买进口超市食品，很划算，买了好多
19133420,FLLGWJ0928,30,50,4,4,4,-1,0,14-11-03,团购超值，里面有很多品种可以使用！^_^
6205043,超级无敌蚊子,20,50,4,4,4,-1,0,14-11-03,现在搞活动，花100元吃200的东西，这个卷还能在超市买东西，还是满合算的
4423947,jjhchl,20,30,1,2,2,-1,0,14-11-02,刚开张吧，人气不是很足，但现在用券还是蛮格算的。
29024636,89的拉菲,5,50,4,4,4,-1,0,14-11-02,以前很冷清'这两天好热闹呀'艋舺好吃
3187487,爱情神话妞妞,40,40,2,3,3,-1,0,14-11-02,半价吃全场 真的挺划算 很多人还在超市买星巴克 对折下来9块 性价比很高啊
29560091,giorpena,20,50,4,4,4,-1,0,14-11-02,很好哦！而且很划算！非常划算！
3239512,嘉丽妹妹1975,20,40,3,3,3,-1,0,14-11-02,还好，品种太少，称不上夜市，希望以后多加盟几家店，可以有更多选择
145100184,_zaq,1,50,4,4,4,-1,0,14-11-02,团购很划算，东西很好吃，还会再去的！
4874015,心好薍,10,50,4,4,4,-1,0,14-11-02,摊位不是很多，但味道还是很有特色，团购价格很合算噢，还有超市里可用，很不错。
102627783,某妞很胖,1,40,3,3,3,-1,0,14-11-02,还可以吧，有盆栽冰淇淋味道不错，鱼排也很好吃，团购跟核算
52683084,章昱_8535,1,40,2,3,3,-1,0,14-11-02,价钱很划算，味道一般，还可以超市买东西
920934,greatgu,20,40,3,3,3,-1,0,14-11-02,总体环境不错，吃的摊位偏少。超市里的东西还不错。
4432163,wangxianting,30,40,3,3,3,-1,0,14-11-02,去买了很多零食和水果，算下来对折好便宜，买的人好多
25919159,shi胖纸joy,20,40,3,3,4,-1,0,14-11-01,一楼重新招商了店铺，现在搞半价团购，还是相当合算的！
32217742,婧娃娃7,30,40,3,4,3,-1,0,14-11-01,品种很多，对折还是很合算的，口味参差不齐
52132319,dpuser_73948477667,10,50,3,3,3,-1,0,14-11-01,味道一般，但是团购的券很划算！
34307954,ljfsjh1314,20,50,4,4,4,-1,0,14-11-01,很不错哟，半价老格算呢。。。。。。。。。。。。。。。。。。。。。。。。。。。。。。。。。。。。。。。。。。
2954891,妮妮8002,20,40,3,4,4,-1,0,14-11-01,还可以吧，和大食代差不多。但品种少了点。虽说能用团购券，可是差额部分非要买卡支付，不能用现金。为了一块两块去买卡用不完再退太麻烦了。
1378782,毒_,40,20,1,1,1,-1,0,14-11-01,有团购，性价比不错。相当于半价，不过吃的东西不是很多，羊排还不错。多余的券在超市用掉了。
6748729,turost,45,40,3,3,3,-1,0,14-11-01,原价有些虚高，但是半价活动很划算！东西都蛮不错吃！很夯哦。
15466332,terry32011,5,40,4,4,4,-1,0,14-11-01,很实惠，物美价廉，优惠折扣很大
99896,lululi,20,50,4,4,4,90,0,14-10-22,一楼的干锅是上海大叔做的，很干净，价钱也不是特别贵的。小两口，一家人一锅很合适。只是宣传不够，人气不太旺，也好，我讨厌人多人吵的地方，推荐给有缘人吧。
3657334,哈尼馒头,10,10,0,0,0,8000,0,14-10-18,第一次去消费就遇到非常不愉快的事情，里面新食代的充值卡刚买完就不能用，前台表示不肯退，说内部系统出问题，虽然没消费但是也不能退，让我们等了几个小时，非常不负责任，态度极差，强烈建议大家以后不要去那家黑点消费。
6734096,五月mother,60,50,4,4,4,-1,0,14-10-09,大华地区的又一个商业城，逛了一圈，楼里都是吃的，泰国菜、徽菜、川菜、奶茶、烤肉、披萨、火锅、麻辣烫都有，挺有意思的，最好的就是和附近的商业楼里的店都没有重复的。<br /><br />有几家店还特别有特色，比如富春小笼里的小笼真的很不错，大唐人家的热气羊肉也是很有名的，还有家叫“很久以前是家串店”名字就非常地第三者的口气，应该有个很想出风头的老板。<br /><br />商场不大，但比较干净，特别是门口的保安特别尽职，管着门口自行车，不让阻塞通道。
3239421,yaoanne,45,20,1,1,1,-1,0,14-08-07,没什么人气的广场，没几个可以吃的餐厅，楼上的洞子张还不错
33108546,手写de从前lucky,45,20,2,2,2,-1,0,14-05-10,刚开的时候入驻的商户蛮多的，而且蛮热闹的，今年再去的时候，不知道为啥，倒闭了很多家，按理说大华这边人还是挺多的啊，不明白，很喜欢里面一家榨汁店，一直有团购
30956512,米玲吉祥,40,20,1,1,1,-1,0,14-05-08,带宝宝来梅隆广场三楼宝宝乐园去玩，保安看到我们推车婴儿车，带着孩子，就直接说三楼怎么走了，要到最西面的门进去，有直达电梯，看来带宝宝来玩的家长挺多的。<br />这里很冷清，一楼除了门面几家店，里面都是空的。不知道是招商没招好，还是地段问题，就是发展不起来。<br /><br />从车库到商场没有电梯的，要自己走上来不方便，也不便宜。
9873550,糖_哚兒,10,10,0,0,0,-1,0,14-04-23,停車庫太坑爹 停車一小時超過一分鐘也要按兩小時算 現在還有這種霸王條款表示相當無語 一邊還有個陰陽怪氣的阿加西 估計物業裡的 在旁邊還冷不丁冒出句 停不起車就不要停 額 大叔你有錢下次這種停車庫你多停停吧
4273936,viviennexuan,45,30,2,2,2,-1,0,14-03-22,不住附近的，到了那里才知道，如果人气不足哦，1楼很多商铺都关掉了阿。。。<br />不错2楼的餐厅还挺多的，味道也不错。。。
2129781,情舞人生,60,30,3,3,2,-1,5,13-12-08,要不是辣妈团购了这家商场里面的烤鱼辣妈是不知道在大华还有这么一个大型的美食广场的。想当年辣妈可是一直在这附近吃阿三龙虾的说。这个广场是新开的地理位置还算不错，可能不是周末吧人气不旺的说。门口的“很久以前只是一家串店”布置得很特别所以还是很吸引人的。里面的诸葛烤鱼店铺也非常宽敞明亮，其他格式小吃和美食很多都是新开的样子，感觉东西还是味道不错有创意的。就是人气不旺，有了人气估计这里会很火的！
