16
122954478,hryyfmr,1,50,4,4,4,-1,0,16-04-28,越来越多的店铺开张了，下次过来一一尝试一番！
43213559,MIAOYIN0139,1,40,4,3,3,-1,2,16-04-22,猫山王嘉定店在紫滕公园对面。<br />环境不错，服务也好。持别是榴莲口味浓郁味好。下次还会再去吃。
61250091,刘鹏_Jack,5,50,4,4,4,-1,0,16-02-29,整体还不错，再多点吃的玩的就更好了
48760110,dpuser_13818226937,1,10,0,0,0,-1,0,16-02-11,放假了团购怎么不标示下哦，害得我们兴冲冲去，唉，扫兴
25328887,lucy_sunny79,10,50,4,4,4,-1,0,16-02-04,有吃有玩有学习 好停车 还不错 周末 停车位有点紧张
9452777,小强將,10,50,4,4,4,-1,0,16-01-01,是老的纺织厂改造的，外观看上去很有特色，现在里面除了有韩天衡美术馆，还开了几家餐厅咖啡厅，还有其他的商户还未入住，地段也不错就在紫藤园正对面！
3929337,blackidd,40,30,2,3,2,-1,0,16-01-01,挺现代感的一片区域，还未开发完，模样不错。
32796142,jerryn1,10,30,3,3,3,-1,0,15-12-31,环境不错的，过来吃吃饭，看看美术馆
22537323,哈库拉matta,10,50,3,4,3,-1,0,15-12-28,慕名而去，感觉挺有设计感的。不过目前人气还不足，以后招商招满了应该是不错的一个吃喝玩乐的好去处。
56883287,Qzone_7693528313,30,30,1,1,1,-1,0,15-12-28,没什么值得再去的理由，价高质次
720931727,白吃米饭就是我,45,50,4,4,4,-1,0,15-12-23,新来的广场，人气目前不是特别的足
799594323,锤捶捶锤,1,50,4,4,4,-1,0,15-09-02,菜色不错，服务很及时，老板娘很客气。。
801606145,mary_民艳,10,30,1,1,3,-1,0,15-08-31,感觉还挺不错的，以后一定去看看
43455968,小飞侠Puppy潘,50,40,3,4,3,50,1,15-06-25,紫藤公园对面的新商场，和缪城新天地之间相隔一站路的距离，人还不多。墙上有涂鸦，很文艺。目前已经开了一家火锅店和两家甜品店，生意都很好。预计招商完毕以后会比较热闹。
1674480,芝加哥夜未眠,50,50,4,4,4,-1,4,15-05-29,在紫藤公园马路对面一个老厂房改建的一个新创意园，还没有全部招商装修完毕，感觉地方挺大，环境很好，建筑外观挺漂亮，最里面还有家韩天衡美术馆，也很不错。
116566,甜甜的daisy,60,50,4,4,4,-1,1,15-04-14,还在招商过程中，一看就是原有的厂房改建的<br />非常开阔，有后现代的感觉<br />现在商户还非常的少，以后应该是个比较有性格的创意园区的感觉
