12
7177649,zhangjun261,20,10,2,2,2,-1,0,16-04-04,今天去已倒闭了吗？感觉还不错，结果没撑多久就倒闭了
42068793,dadapi8088,50,20,1,1,1,-1,3,16-01-22,周五的时候去华侨城看电影，在一楼商场逛逛，发现这家店，商店里品种还是蛮多的，基本上都是卖的小商品，在门口逛了一圈，想拍几张照片上传点评推广一下，谁知店里服务人员态度很不友好的说，禁止拍照，好像把我当贼似的，我当场跟店员辩理，难道我拍店面都不能拍吗，真是无语！
113213828,恐怖洋娃娃,45,40,3,2,3,-1,1,15-12-19,价廉物美的产品，创意也很不错。
48292049,吉吉果0809,20,30,2,2,2,-1,0,15-11-05,去过好几家店，总体东西挺多的，生活用品都不错。用下来效果也挺好的。
2078324,神之一手爱猴头菇啊,60,30,2,2,2,-1,0,15-09-09,貌似上海开了好几家分店了，主要还是很便宜的东西。<br />说是说日本的，我是不信的。<br />东西也不见得有多好。
14396032,沫沫佶,45,30,2,2,2,-1,0,15-08-14,打着日本旗号的义乌小商品？<br />我感觉应该是这样！
41945831,蓝涩巧克力,45,40,2,3,2,-1,0,15-07-03,东西都蛮便宜的！质量就别考虑太多了，比较价格摆在那里了！加微信号每次都可送购物袋
1574786,猪猪钕神,50,40,3,3,3,-1,0,15-05-07,这里也新开了哈，很不错~走进来这一排都是家居店……
2439310,冰之玉泪,50,10,0,2,0,-1,0,15-04-04,在对面吃饭的时候看到这家店的，觉得里面的东西看着不错，就买了些回去，其中有个长颈鹿的毛绒玩具，因为只剩一个还能看得过去的颜色了，所以即使身上的毛不是很齐整，也买回去了，但回去后发现脚上有一个脱线的地方，于是去找他们说要换。店经理很客气的同意了，让一个女店员给我换一个，想不到她拿在手里倒腾了老半天翻来覆去的，最后态度非常恶劣的跟我来了一句“你这是玩了多久了，弄这么脏？！”我买回去动都没动过直接就拿来换了好伐，表面都很干净的，我倒也是愣了一下，过去一看，确实是有一条很明显的灰色的印子。极度怀疑是她刚才倒腾的时候故意弄上去的，因为买回去没动过的东西怎么可能莫名奇妙的有这么一道印子？然后她就很顺理成章的以此为理由拒绝给我换。最后非常不情愿的同意给我把脱线的地方缝补一下，缝补也是找的别人，还故意慢腾腾的找了很久。自己什么事情都不干，真不知道这家店养着这样一个好吃懒做的店员是干嘛的，对经理交待的任务也是阳奉阴违，这家店早晚因为这个店员倒闭。这样整个过程大概耽搁了20分钟，害得我看电影迟到10分钟。本身这个娃娃也不值什么钱，但这家店的做法实在是太过分，明明是自己的质量问题，竟然会想到估计人为破坏转嫁给客户，实在是见所未见。你既然不肯换没关系，没必要故意把别人的东西弄坏吧，虽然脚上的脱线最后是给补上了，但我最后带回去的是比我之前拿来的更糟糕的被糟蹋过的娃娃，还没到家就直接扔进垃圾桶了。我也算是看清这家店的不诚信的态度了，以后不会再去。大家如果要进去买的，也要三思，因为不光是质量差，最主要是店员的素质差。
461686,kwpurple,30,50,4,4,4,20,5,15-03-22,周末去浦江镇逛逛，发现华侨城中这家买的小商品价廉物美，非常实用，店里人比较多，估计质量不错，果断出手败。
15438942,ciel28,10,10,0,0,0,-1,0,15-03-21,价格属于低端产品价格。产品质量比较差，不建议买。
20626388,社长簌簌,10,40,3,3,3,75,2,15-03-09,新店刚开吗？东西10元的蛮多的。买了个充电宝，怎么不配根线哈
