12
22555172,互联网毛毛,10,50,4,4,4,-1,0,16-04-23,大超市和电影院，购物中心，弥补对面金桥国际没有的部分，就是什么时候开业？里面的住宅楼倒是入住了太多的老外。
22555172,dpuser_52497515412,1,50,3,4,4,-1,1,16-04-21,还在装修过程中，看上去很不错。很多知名的餐饮，还有一家新出来的La vita西餐厅，开张了一定要去试试
122217529,sharon33tf,30,50,3,3,3,-1,0,16-04-20,一点动静也没有。。。。会不会太久了？这几天终于看到门口挂了星巴克牌子。。。好像有点希望了。给个五星好评先。
2493575,王大拿_47,20,30,2,2,2,-1,0,15-11-29,将来久金广场的开业会使得金桥国际商圈进一步的完善（将入驻一座拥有8个厅的五星影院），以后可以在家门口休闲娱乐统统搞定。。期待，期待。<br />现在商家都已经入住装修了。。估计还要几个月就可以开业了吧。。届时协助金桥国际让金桥商圈更加丰富与热闹。。。
334852693,不爱吃苹果的我,10,30,2,2,2,-1,0,16-03-24,其实商城造好已经有段时间了，招商却非常慢，不知道开了会怎么样？
5900498,purple_zi,60,40,3,3,3,-1,0,16-02-15,期待开业，期待很久了，旁边就是电影院，还有小贝壳，哈哈
2226653,Trance缪,5,50,4,4,4,-1,0,15-12-20,期待中，就差超市和电影院！最好开一个网游网卡！
6262137,等等MALU,1,50,4,4,4,-1,0,15-12-07,家门口可以看电影，可以有大的超市啦，那么金杨路上的联华超市不用去了，价格贵不说，收银有个女的一天到晚一脸凶相，态度很差，再也不用看她的脸色啦。<br /><br />最好美食多，金杨路上乱七八糟的店都关掉。住在这条路上，白天行人道打扫不干净，晚上沿路的小摊小贩烧烤味一直可以飘到房间里，也没人管，金杨街道钱是赚够了。这么好的地段还有像金杨路这样乱七八糟的街道存在，市政府不知道是否清楚这里情况。
41867223,凡帝,45,50,4,4,4,-1,0,15-12-03,6号线金桥路出来就是，坐落在金桥国际对面，两大商场面对面。中环也已经在试运行了，道路交通方便，金桥的又一新地标，金桥人民幸福时光即将到临。看了简介，1楼-3楼是餐饮美食，下面是大卖场，顶楼是影院，下班周末休闲好去吃。希望，金桥国际和久金商场，互补互惠，给金桥人民带来更多便利和实惠。相信今后，金桥会发展的越来越好的。
2378758,水至清则无鱼_那吃什么,40,50,4,4,4,-1,0,15-11-20,看到电影院的牌子了，有个大超市也不错，易买得关门了有点不太习惯，好期待～
961596,秋实09,30,50,4,4,4,-1,0,15-11-17,原来计划2015年年底开业的，由于招商和装修的因素，预计2016年上半年营业。购物中心1--3楼全部为餐饮，地下为大型超市，顶楼为电影院，名字叫久金华夏影视城，以后吃饭和看电影就更方便了。<br />期待小贝壳海鲜自助火锅这样的店铺开张，金桥地区的好日子开始了。
4656482,番茄爱圣女果,20,50,4,4,4,-1,0,15-07-29,在金桥国际对面，金桥地铁站门口。现在在招租，年底可以营业。届时，我们的生活有方便了。金桥国际的物业改急了吧。
