9
1131753,holly17,20,50,4,4,4,-1,4,16-03-04,丹麦品牌的家居用品商店，装修很漂亮，设计清新简洁，店员服务态度好，会很耐心介绍商品的功能，推荐合适的商品。明星产品是欧洲进口被枕，记忆绵产品和床垫。
21610525,jershaw,30,50,4,4,4,-1,0,16-02-14,一个国外的家居品牌，走的是低调奢华风。材质很好，价格小贵。
4153300,吃不饱的阿呜,60,40,3,3,3,-1,2,16-02-12,汶水路这边新开的协信星光广场，地铁一号线过来还要走上十来分钟的路，附近交通也极少，而且一路上走过来也都蛮荒凉的，人气很不足。商场老板也是为了拉动人气做推广下了很大的努力了。<br />这家店铺在商场南广场的一楼，就在服务台的对面，是一家来自丹麦的家居用品的，营业员态度还不错，即使不买，就随便吧问问，他们也会介绍产品的区别。
2354737,hktk1016,40,40,3,3,3,-1,1,16-02-12,高档的品牌，最近店里在搞活动，最低2折
140479,zeno2001,20,50,4,4,4,-1,0,16-02-06,等人随便逛逛，说了只看不买，阿姨还是很认真介绍他们的产品，差点买条羽绒被回家。天猫也有店，如果店里同款商品比天猫价低可按天猫价，这点还不错。
152631261,King妈_7992,10,50,4,4,4,-1,0,16-02-05,开在协信南里的丹麦寝具专柜货品齐全，店长介绍了一款性价比很高的羽绒被轻柔暖和。以后床上用品就买你家的了。谢谢店长贴心的服务
6342158,郁敏0729,60,40,3,3,3,-1,2,16-02-04,JYSK是来自丹麦的一家居家用品店，整体是北欧风格的，里面的商品应该是和宜家一样，包罗万象的，不过协信星光这一家JYSK比较小，所以相对来说东西不是很全。或者说他在国内就走这个路线？<br /><br />进去逛了下欢迎和服务态度都可以的，产品的品质很不错哟，纺织品的手感都很好的，靠垫还有二哈图案的哈哈哈，太好玩了，就是体积太大了没法带回去啊
7755850,汗叔叔,50,30,3,2,2,-1,1,16-01-31,协信星光广场新开的居适家，作为蛋麦家居用品零售商，主推北欧风格的货品，相当物美价廉。
761277215,dpuser_58064576294,1,50,4,4,4,-1,1,16-01-19,真心的好，回家盖了好舒服，暖和，就一条被子就够，上面都不需要在盖东西了，服务态度非常好，还会再来的，还会介绍家人来卖的
