16
47484928,可以才可以,10,30,2,2,2,-1,0,16-04-16,期待他的开幕，希望能有人气，多了一个消遣的地方。
47378434,绅士123456789,10,50,3,3,3,-1,0,16-04-09,慢慢的店多了，比较方便，逛逛可以
782512901,dpuser_73235012103,1,50,4,4,4,60,0,16-04-02,喜欢墨鱼和核桃裸麦面包再配上自制酸奶非常完美
942489929,qzuser_5192,1,10,0,0,0,-1,3,16-03-27,大叔能洗脚吗？我也想洗洗洗洗？
4066743,小包子19880516,30,30,2,2,2,-1,0,16-03-13,吃了里面一家自助，唔，70元你懂的~让我惊讶的事商场里的一家超市，里面的东西好多都是外面没看到过的，中外都是，哈哈哈
2212780,j小朋友,40,40,3,3,3,-1,0,16-03-11,生意很差 刚开 这个地理位置不好 空调不开 希望不要快速倒闭
101579,几点的太阳,30,40,3,3,3,-1,0,16-02-09,年初一去买了水产品和绿叶菜，在这么偏远的社区来说，还算可圈可点。
2099393,ukuk777,20,40,3,3,2,-1,0,16-02-07,这楼造好已经4年了，现在能开出非常好，希望商家好好管理经营
2549928,俏爱天使,45,30,2,2,2,-1,3,16-02-06,等了好多年终于开出来了，据说有星巴克，汉堡王，多乐之日，迪卡侬，永辉超市，电影院，KTV等等等等。。。目前正式开业的商家还不多，期待中。。。。。。<br />ps：地下一层的入住商户格调不高，感觉和外地商场差不多，不晓得以后商场如何。
2444478,heavencty,30,40,3,3,3,-1,4,16-02-03,超市开张了，还有不少商家等着年后开张，很是期待。
5998571,lbzhahaha,30,50,4,4,4,66,5,16-02-02,还不错，永辉精品超市很不错，里面吃的很高档很全，还有迪卡侬，汉堡王，星巴克，希望其他的商户快快开业。还有个不错的KTV
3387753,zttjc,20,50,3,2,3,-1,0,16-01-30,超市是永辉超市，里面有nb鞋，快乐柠檬，幸福馄饨，婵之云，卖糖葫芦的，将要开业的还有迪卡侬，星巴克，屈臣氏，还有个电影院，还有个ktv，家门口，相当便利了
2265893,金贵小财女,45,40,3,3,3,-1,0,16-01-29,希望有更多更好的商家入驻！保持环境更上一层楼！
770276651,王和萍,1,20,0,0,0,-1,0,15-12-28,路过不知道已经开业了，好的，去看一看。
11692905,mudie2008,20,40,2,2,4,-1,0,15-12-24,刚刚开业，里面还在装潢，只有一家ktv营业。
29848278,竹轩前台,30,50,4,4,4,-1,0,13-06-07,经常路过这里，看起来很繁华啊！发展的挺好的，就是没来逛过，以后专门来逛下，大概附近别墅区挺多的原因吧！
